(kicad_pcb (version 20171130) (host pcbnew 5.1.9)

  (general
    (thickness 1.6)
    (drawings 6)
    (tracks 41)
    (zones 0)
    (modules 16)
    (nets 14)
  )

  (page A4)
  (title_block
    (title "MA LED PCB")
    (date 2021-05-11)
    (rev V1)
    (company UVOS)
  )

  (layers
    (0 F.Cu signal)
    (31 B.Cu signal)
    (32 B.Adhes user)
    (33 F.Adhes user)
    (34 B.Paste user)
    (35 F.Paste user)
    (36 B.SilkS user)
    (37 F.SilkS user)
    (38 B.Mask user)
    (39 F.Mask user)
    (40 Dwgs.User user)
    (41 Cmts.User user)
    (42 Eco1.User user)
    (43 Eco2.User user)
    (44 Edge.Cuts user)
    (45 Margin user)
    (46 B.CrtYd user)
    (47 F.CrtYd user)
    (48 B.Fab user)
    (49 F.Fab user hide)
  )

  (setup
    (last_trace_width 2)
    (trace_clearance 0.4)
    (zone_clearance 0.508)
    (zone_45_only no)
    (trace_min 0.2)
    (via_size 2)
    (via_drill 1)
    (via_min_size 0.4)
    (via_min_drill 0.3)
    (uvia_size 0.3)
    (uvia_drill 0.1)
    (uvias_allowed no)
    (uvia_min_size 0.2)
    (uvia_min_drill 0.1)
    (edge_width 0.05)
    (segment_width 0.2)
    (pcb_text_width 0.3)
    (pcb_text_size 1.5 1.5)
    (mod_edge_width 0.12)
    (mod_text_size 1 1)
    (mod_text_width 0.15)
    (pad_size 6 6)
    (pad_drill 5)
    (pad_to_mask_clearance 0)
    (aux_axis_origin 140 100)
    (visible_elements FFFFFF7F)
    (pcbplotparams
      (layerselection 0x08000_7ffffffe)
      (usegerberextensions false)
      (usegerberattributes true)
      (usegerberadvancedattributes true)
      (creategerberjobfile true)
      (excludeedgelayer true)
      (linewidth 0.100000)
      (plotframeref false)
      (viasonmask false)
      (mode 1)
      (useauxorigin true)
      (hpglpennumber 1)
      (hpglpenspeed 20)
      (hpglpendiameter 15.000000)
      (psnegative false)
      (psa4output false)
      (plotreference true)
      (plotvalue true)
      (plotinvisibletext false)
      (padsonsilk false)
      (subtractmaskfromsilk false)
      (outputformat 3)
      (mirror false)
      (drillshape 0)
      (scaleselection 1)
      (outputdirectory ""))
  )

  (net 0 "")
  (net 1 "Net-(D1-Pad1)")
  (net 2 "Net-(D1-Pad2)")
  (net 3 "Net-(D2-Pad1)")
  (net 4 "Net-(D4-Pad2)")
  (net 5 "Net-(D4-Pad1)")
  (net 6 "Net-(D5-Pad1)")
  (net 7 "Net-(D7-Pad1)")
  (net 8 "Net-(D7-Pad2)")
  (net 9 "Net-(D8-Pad1)")
  (net 10 "Net-(D10-Pad2)")
  (net 11 "Net-(D10-Pad1)")
  (net 12 "Net-(D11-Pad1)")
  (net 13 GND)

  (net_class Default "This is the default net class."
    (clearance 0.4)
    (trace_width 2)
    (via_dia 2)
    (via_drill 1)
    (uvia_dia 0.3)
    (uvia_drill 0.1)
    (diff_pair_width 0.5)
    (diff_pair_gap 1)
    (add_net GND)
    (add_net "Net-(D1-Pad1)")
    (add_net "Net-(D1-Pad2)")
    (add_net "Net-(D10-Pad1)")
    (add_net "Net-(D10-Pad2)")
    (add_net "Net-(D11-Pad1)")
    (add_net "Net-(D2-Pad1)")
    (add_net "Net-(D4-Pad1)")
    (add_net "Net-(D4-Pad2)")
    (add_net "Net-(D5-Pad1)")
    (add_net "Net-(D7-Pad1)")
    (add_net "Net-(D7-Pad2)")
    (add_net "Net-(D8-Pad1)")
  )

  (module MountingHole:MountingHole_3.2mm_M3 (layer F.Cu) (tedit 56D1B4CB) (tstamp 606BDEBB)
    (at 157.320508 110 240)
    (descr "Mounting Hole 3.2mm, no annular, M3")
    (tags "mounting hole 3.2mm no annular m3")
    (attr virtual)
    (fp_text reference REF** (at 0 -4.2 60) (layer F.SilkS)
      (effects (font (size 1 1) (thickness 0.15)))
    )
    (fp_text value MountingHole_3.2mm_M3 (at 0 4.2 60) (layer F.Fab)
      (effects (font (size 1 1) (thickness 0.15)))
    )
    (fp_circle (center 0 0) (end 3.2 0) (layer Cmts.User) (width 0.15))
    (fp_circle (center 0 0) (end 3.45 0) (layer F.CrtYd) (width 0.05))
    (fp_text user %R (at 0.3 0 60) (layer F.Fab)
      (effects (font (size 1 1) (thickness 0.15)))
    )
    (pad 1 np_thru_hole circle (at 0 0 240) (size 3.2 3.2) (drill 3.2) (layers *.Cu *.Mask))
  )

  (module MountingHole:MountingHole_3.2mm_M3 (layer F.Cu) (tedit 56D1B4CB) (tstamp 606BDE6A)
    (at 122.679492 110 120)
    (descr "Mounting Hole 3.2mm, no annular, M3")
    (tags "mounting hole 3.2mm no annular m3")
    (attr virtual)
    (fp_text reference REF** (at 0 -4.2 120) (layer F.SilkS)
      (effects (font (size 1 1) (thickness 0.15)))
    )
    (fp_text value MountingHole_3.2mm_M3 (at 0 4.2 120) (layer F.Fab)
      (effects (font (size 1 1) (thickness 0.15)))
    )
    (fp_circle (center 0 0) (end 3.2 0) (layer Cmts.User) (width 0.15))
    (fp_circle (center 0 0) (end 3.45 0) (layer F.CrtYd) (width 0.05))
    (fp_text user %R (at 0.3 0 120) (layer F.Fab)
      (effects (font (size 1 1) (thickness 0.15)))
    )
    (pad 1 np_thru_hole circle (at 0 0 120) (size 3.2 3.2) (drill 3.2) (layers *.Cu *.Mask))
  )

  (module MountingHole:MountingHole_3.2mm_M3 (layer F.Cu) (tedit 56D1B4CB) (tstamp 606BDEAC)
    (at 140 80)
    (descr "Mounting Hole 3.2mm, no annular, M3")
    (tags "mounting hole 3.2mm no annular m3")
    (attr virtual)
    (fp_text reference REF** (at 0 -4.2) (layer F.SilkS)
      (effects (font (size 1 1) (thickness 0.15)))
    )
    (fp_text value MountingHole_3.2mm_M3 (at 0 4.2) (layer F.Fab)
      (effects (font (size 1 1) (thickness 0.15)))
    )
    (fp_circle (center 0 0) (end 3.45 0) (layer F.CrtYd) (width 0.05))
    (fp_circle (center 0 0) (end 3.2 0) (layer Cmts.User) (width 0.15))
    (fp_text user %R (at 0.3 0) (layer F.Fab)
      (effects (font (size 1 1) (thickness 0.15)))
    )
    (pad 1 np_thru_hole circle (at 0 0) (size 3.2 3.2) (drill 3.2) (layers *.Cu *.Mask))
  )

  (module UVOSLogic:LED_1W_3W_R8_hole (layer F.Cu) (tedit 606B0E19) (tstamp 606BF938)
    (at 116 115 315)
    (descr https://www.gme.cz/data/attachments/dsh.518-234.1.pdf)
    (tags "LED 1W 3W 5W")
    (path /606B26B4)
    (attr smd)
    (fp_text reference D1 (at -5.08 -3.81 135) (layer F.SilkS)
      (effects (font (size 1 1) (thickness 0.15)))
    )
    (fp_text value LED (at 0 5.08 135) (layer F.Fab)
      (effects (font (size 1 1) (thickness 0.15)))
    )
    (fp_line (start -2.54 0) (end -1.27 0) (layer F.Fab) (width 0.1))
    (fp_line (start -1.27 -1.27) (end -1.27 1.27) (layer F.Fab) (width 0.1))
    (fp_line (start 1.27 0) (end 2.54 0) (layer F.Fab) (width 0.1))
    (fp_line (start 1.27 1.27) (end 1.27 0) (layer F.Fab) (width 0.1))
    (fp_line (start -1.27 0) (end 1.27 1.27) (layer F.Fab) (width 0.1))
    (fp_line (start 1.27 -1.27) (end 1.27 1.27) (layer F.Fab) (width 0.1))
    (fp_line (start -1.27 0) (end 1.27 -1.27) (layer F.Fab) (width 0.1))
    (fp_line (start 8.55 0.45) (end 4.59 0.45) (layer F.CrtYd) (width 0.05))
    (fp_line (start 8.55 -3.15) (end 8.55 0.45) (layer F.CrtYd) (width 0.05))
    (fp_line (start 3.37 -3.15) (end 8.55 -3.15) (layer F.CrtYd) (width 0.05))
    (fp_line (start -8.55 3.15) (end -3.37 3.15) (layer F.CrtYd) (width 0.05))
    (fp_line (start -8.55 -0.45) (end -8.55 3.15) (layer F.CrtYd) (width 0.05))
    (fp_line (start -4.59 -0.45) (end -8.55 -0.45) (layer F.CrtYd) (width 0.05))
    (fp_line (start -8.255 2.794) (end -3.429 2.794) (layer F.SilkS) (width 0.12))
    (fp_line (start -8.255 -0.127) (end -8.255 2.794) (layer F.SilkS) (width 0.12))
    (fp_line (start -4.445 -0.127) (end -8.255 -0.127) (layer F.SilkS) (width 0.12))
    (fp_circle (center 0 0) (end -4.3 0) (layer F.SilkS) (width 0.12))
    (fp_line (start 4.318 1.016) (end 5.334 1.016) (layer F.Fab) (width 0.1))
    (fp_line (start -5.334 -1.016) (end -4.318 -1.016) (layer F.Fab) (width 0.1))
    (fp_line (start 4.826 1.524) (end 4.826 0.508) (layer F.Fab) (width 0.1))
    (fp_circle (center 0 0) (end 4.025 0) (layer F.Fab) (width 0.1))
    (fp_arc (start 0 0) (end -4.59 -0.45) (angle 131.3332206) (layer F.CrtYd) (width 0.05))
    (fp_arc (start 0 0) (end 4.59 0.45) (angle 131.3332206) (layer F.CrtYd) (width 0.05))
    (fp_text user %R (at 0 -2.54 135) (layer F.Fab)
      (effects (font (size 1 1) (thickness 0.15)))
    )
    (pad 3 thru_hole circle (at 0 0 315) (size 6 6) (drill 5) (layers *.Cu *.Mask))
    (pad 1 smd rect (at -6.35 1.35 315) (size 3.5 2.7) (layers F.Cu F.Paste F.Mask)
      (net 1 "Net-(D1-Pad1)"))
    (pad 2 smd rect (at 6.35 -1.35 315) (size 3.5 2.7) (layers F.Cu F.Paste F.Mask)
      (net 2 "Net-(D1-Pad2)"))
    (model ${KISYS3DMOD}/LED_SMD.3dshapes/LED_1W_3W_R8.wrl
      (at (xyz 0 0 0))
      (scale (xyz 1 1 1))
      (rotate (xyz 0 0 0))
    )
  )

  (module UVOSLogic:LED_1W_3W_R8_hole (layer F.Cu) (tedit 606B0E19) (tstamp 606BF956)
    (at 110 99 270)
    (descr https://www.gme.cz/data/attachments/dsh.518-234.1.pdf)
    (tags "LED 1W 3W 5W")
    (path /606B2C3A)
    (attr smd)
    (fp_text reference D2 (at -5.08 -3.81 90) (layer F.SilkS)
      (effects (font (size 1 1) (thickness 0.15)))
    )
    (fp_text value LED (at 0 5.08 90) (layer F.Fab)
      (effects (font (size 1 1) (thickness 0.15)))
    )
    (fp_circle (center 0 0) (end 4.025 0) (layer F.Fab) (width 0.1))
    (fp_line (start 4.826 1.524) (end 4.826 0.508) (layer F.Fab) (width 0.1))
    (fp_line (start -5.334 -1.016) (end -4.318 -1.016) (layer F.Fab) (width 0.1))
    (fp_line (start 4.318 1.016) (end 5.334 1.016) (layer F.Fab) (width 0.1))
    (fp_circle (center 0 0) (end -4.3 0) (layer F.SilkS) (width 0.12))
    (fp_line (start -4.445 -0.127) (end -8.255 -0.127) (layer F.SilkS) (width 0.12))
    (fp_line (start -8.255 -0.127) (end -8.255 2.794) (layer F.SilkS) (width 0.12))
    (fp_line (start -8.255 2.794) (end -3.429 2.794) (layer F.SilkS) (width 0.12))
    (fp_line (start -4.59 -0.45) (end -8.55 -0.45) (layer F.CrtYd) (width 0.05))
    (fp_line (start -8.55 -0.45) (end -8.55 3.15) (layer F.CrtYd) (width 0.05))
    (fp_line (start -8.55 3.15) (end -3.37 3.15) (layer F.CrtYd) (width 0.05))
    (fp_line (start 3.37 -3.15) (end 8.55 -3.15) (layer F.CrtYd) (width 0.05))
    (fp_line (start 8.55 -3.15) (end 8.55 0.45) (layer F.CrtYd) (width 0.05))
    (fp_line (start 8.55 0.45) (end 4.59 0.45) (layer F.CrtYd) (width 0.05))
    (fp_line (start -1.27 0) (end 1.27 -1.27) (layer F.Fab) (width 0.1))
    (fp_line (start 1.27 -1.27) (end 1.27 1.27) (layer F.Fab) (width 0.1))
    (fp_line (start -1.27 0) (end 1.27 1.27) (layer F.Fab) (width 0.1))
    (fp_line (start 1.27 1.27) (end 1.27 0) (layer F.Fab) (width 0.1))
    (fp_line (start 1.27 0) (end 2.54 0) (layer F.Fab) (width 0.1))
    (fp_line (start -1.27 -1.27) (end -1.27 1.27) (layer F.Fab) (width 0.1))
    (fp_line (start -2.54 0) (end -1.27 0) (layer F.Fab) (width 0.1))
    (fp_text user %R (at 0 -2.54 90) (layer F.Fab)
      (effects (font (size 1 1) (thickness 0.15)))
    )
    (fp_arc (start 0 0) (end 4.59 0.45) (angle 131.3332206) (layer F.CrtYd) (width 0.05))
    (fp_arc (start 0 0) (end -4.59 -0.45) (angle 131.3332206) (layer F.CrtYd) (width 0.05))
    (pad 2 smd rect (at 6.35 -1.35 270) (size 3.5 2.7) (layers F.Cu F.Paste F.Mask)
      (net 1 "Net-(D1-Pad1)"))
    (pad 1 smd rect (at -6.35 1.35 270) (size 3.5 2.7) (layers F.Cu F.Paste F.Mask)
      (net 3 "Net-(D2-Pad1)"))
    (pad 3 thru_hole circle (at 0 0 270) (size 6 6) (drill 5) (layers *.Cu *.Mask))
    (model ${KISYS3DMOD}/LED_SMD.3dshapes/LED_1W_3W_R8.wrl
      (at (xyz 0 0 0))
      (scale (xyz 1 1 1))
      (rotate (xyz 0 0 0))
    )
  )

  (module UVOSLogic:LED_1W_3W_R8_hole (layer F.Cu) (tedit 606B0E19) (tstamp 606BF974)
    (at 117 82 225)
    (descr https://www.gme.cz/data/attachments/dsh.518-234.1.pdf)
    (tags "LED 1W 3W 5W")
    (path /606B3D44)
    (attr smd)
    (fp_text reference D3 (at -5.08 -3.81 45) (layer F.SilkS)
      (effects (font (size 1 1) (thickness 0.15)))
    )
    (fp_text value LED (at 0 5.08 45) (layer F.Fab)
      (effects (font (size 1 1) (thickness 0.15)))
    )
    (fp_line (start -2.54 0) (end -1.27 0) (layer F.Fab) (width 0.1))
    (fp_line (start -1.27 -1.27) (end -1.27 1.27) (layer F.Fab) (width 0.1))
    (fp_line (start 1.27 0) (end 2.54 0) (layer F.Fab) (width 0.1))
    (fp_line (start 1.27 1.27) (end 1.27 0) (layer F.Fab) (width 0.1))
    (fp_line (start -1.27 0) (end 1.27 1.27) (layer F.Fab) (width 0.1))
    (fp_line (start 1.27 -1.27) (end 1.27 1.27) (layer F.Fab) (width 0.1))
    (fp_line (start -1.27 0) (end 1.27 -1.27) (layer F.Fab) (width 0.1))
    (fp_line (start 8.55 0.45) (end 4.59 0.45) (layer F.CrtYd) (width 0.05))
    (fp_line (start 8.55 -3.15) (end 8.55 0.45) (layer F.CrtYd) (width 0.05))
    (fp_line (start 3.37 -3.15) (end 8.55 -3.15) (layer F.CrtYd) (width 0.05))
    (fp_line (start -8.55 3.15) (end -3.37 3.15) (layer F.CrtYd) (width 0.05))
    (fp_line (start -8.55 -0.45) (end -8.55 3.15) (layer F.CrtYd) (width 0.05))
    (fp_line (start -4.59 -0.45) (end -8.55 -0.45) (layer F.CrtYd) (width 0.05))
    (fp_line (start -8.255 2.794) (end -3.429 2.794) (layer F.SilkS) (width 0.12))
    (fp_line (start -8.255 -0.127) (end -8.255 2.794) (layer F.SilkS) (width 0.12))
    (fp_line (start -4.445 -0.127) (end -8.255 -0.127) (layer F.SilkS) (width 0.12))
    (fp_circle (center 0 0) (end -4.3 0) (layer F.SilkS) (width 0.12))
    (fp_line (start 4.318 1.016) (end 5.334 1.016) (layer F.Fab) (width 0.1))
    (fp_line (start -5.334 -1.016) (end -4.318 -1.016) (layer F.Fab) (width 0.1))
    (fp_line (start 4.826 1.524) (end 4.826 0.508) (layer F.Fab) (width 0.1))
    (fp_circle (center 0 0) (end 4.025 0) (layer F.Fab) (width 0.1))
    (fp_arc (start 0 0) (end -4.59 -0.45) (angle 131.3332206) (layer F.CrtYd) (width 0.05))
    (fp_arc (start 0 0) (end 4.59 0.45) (angle 131.3332206) (layer F.CrtYd) (width 0.05))
    (fp_text user %R (at 0 -2.54 45) (layer F.Fab)
      (effects (font (size 1 1) (thickness 0.15)))
    )
    (pad 3 thru_hole circle (at 0 0 225) (size 6 6) (drill 5) (layers *.Cu *.Mask))
    (pad 1 smd rect (at -6.35 1.35 225) (size 3.5 2.7) (layers F.Cu F.Paste F.Mask)
      (net 13 GND))
    (pad 2 smd rect (at 6.35 -1.35 225) (size 3.5 2.7) (layers F.Cu F.Paste F.Mask)
      (net 3 "Net-(D2-Pad1)"))
    (model ${KISYS3DMOD}/LED_SMD.3dshapes/LED_1W_3W_R8.wrl
      (at (xyz 0 0 0))
      (scale (xyz 1 1 1))
      (rotate (xyz 0 0 0))
    )
  )

  (module UVOSLogic:LED_1W_3W_R8_hole (layer F.Cu) (tedit 606B0E19) (tstamp 606BF992)
    (at 132 110 270)
    (descr https://www.gme.cz/data/attachments/dsh.518-234.1.pdf)
    (tags "LED 1W 3W 5W")
    (path /606B2109)
    (attr smd)
    (fp_text reference D4 (at -5.08 -3.81 90) (layer F.SilkS)
      (effects (font (size 1 1) (thickness 0.15)))
    )
    (fp_text value LED (at 0 5.08 90) (layer F.Fab)
      (effects (font (size 1 1) (thickness 0.15)))
    )
    (fp_circle (center 0 0) (end 4.025 0) (layer F.Fab) (width 0.1))
    (fp_line (start 4.826 1.524) (end 4.826 0.508) (layer F.Fab) (width 0.1))
    (fp_line (start -5.334 -1.016) (end -4.318 -1.016) (layer F.Fab) (width 0.1))
    (fp_line (start 4.318 1.016) (end 5.334 1.016) (layer F.Fab) (width 0.1))
    (fp_circle (center 0 0) (end -4.3 0) (layer F.SilkS) (width 0.12))
    (fp_line (start -4.445 -0.127) (end -8.255 -0.127) (layer F.SilkS) (width 0.12))
    (fp_line (start -8.255 -0.127) (end -8.255 2.794) (layer F.SilkS) (width 0.12))
    (fp_line (start -8.255 2.794) (end -3.429 2.794) (layer F.SilkS) (width 0.12))
    (fp_line (start -4.59 -0.45) (end -8.55 -0.45) (layer F.CrtYd) (width 0.05))
    (fp_line (start -8.55 -0.45) (end -8.55 3.15) (layer F.CrtYd) (width 0.05))
    (fp_line (start -8.55 3.15) (end -3.37 3.15) (layer F.CrtYd) (width 0.05))
    (fp_line (start 3.37 -3.15) (end 8.55 -3.15) (layer F.CrtYd) (width 0.05))
    (fp_line (start 8.55 -3.15) (end 8.55 0.45) (layer F.CrtYd) (width 0.05))
    (fp_line (start 8.55 0.45) (end 4.59 0.45) (layer F.CrtYd) (width 0.05))
    (fp_line (start -1.27 0) (end 1.27 -1.27) (layer F.Fab) (width 0.1))
    (fp_line (start 1.27 -1.27) (end 1.27 1.27) (layer F.Fab) (width 0.1))
    (fp_line (start -1.27 0) (end 1.27 1.27) (layer F.Fab) (width 0.1))
    (fp_line (start 1.27 1.27) (end 1.27 0) (layer F.Fab) (width 0.1))
    (fp_line (start 1.27 0) (end 2.54 0) (layer F.Fab) (width 0.1))
    (fp_line (start -1.27 -1.27) (end -1.27 1.27) (layer F.Fab) (width 0.1))
    (fp_line (start -2.54 0) (end -1.27 0) (layer F.Fab) (width 0.1))
    (fp_text user %R (at 0 -2.54 90) (layer F.Fab)
      (effects (font (size 1 1) (thickness 0.15)))
    )
    (fp_arc (start 0 0) (end 4.59 0.45) (angle 131.3332206) (layer F.CrtYd) (width 0.05))
    (fp_arc (start 0 0) (end -4.59 -0.45) (angle 131.3332206) (layer F.CrtYd) (width 0.05))
    (pad 2 smd rect (at 6.35 -1.35 270) (size 3.5 2.7) (layers F.Cu F.Paste F.Mask)
      (net 4 "Net-(D4-Pad2)"))
    (pad 1 smd rect (at -6.35 1.35 270) (size 3.5 2.7) (layers F.Cu F.Paste F.Mask)
      (net 5 "Net-(D4-Pad1)"))
    (pad 3 thru_hole circle (at 0 0 270) (size 6 6) (drill 5) (layers *.Cu *.Mask))
    (model ${KISYS3DMOD}/LED_SMD.3dshapes/LED_1W_3W_R8.wrl
      (at (xyz 0 0 0))
      (scale (xyz 1 1 1))
      (rotate (xyz 0 0 0))
    )
  )

  (module UVOSLogic:LED_1W_3W_R8_hole (layer F.Cu) (tedit 606B0E19) (tstamp 606BF9B0)
    (at 123 96 270)
    (descr https://www.gme.cz/data/attachments/dsh.518-234.1.pdf)
    (tags "LED 1W 3W 5W")
    (path /606B1BA5)
    (attr smd)
    (fp_text reference D5 (at -5.08 -3.81 90) (layer F.SilkS)
      (effects (font (size 1 1) (thickness 0.15)))
    )
    (fp_text value LED (at 0 5.08 90) (layer F.Fab)
      (effects (font (size 1 1) (thickness 0.15)))
    )
    (fp_line (start -2.54 0) (end -1.27 0) (layer F.Fab) (width 0.1))
    (fp_line (start -1.27 -1.27) (end -1.27 1.27) (layer F.Fab) (width 0.1))
    (fp_line (start 1.27 0) (end 2.54 0) (layer F.Fab) (width 0.1))
    (fp_line (start 1.27 1.27) (end 1.27 0) (layer F.Fab) (width 0.1))
    (fp_line (start -1.27 0) (end 1.27 1.27) (layer F.Fab) (width 0.1))
    (fp_line (start 1.27 -1.27) (end 1.27 1.27) (layer F.Fab) (width 0.1))
    (fp_line (start -1.27 0) (end 1.27 -1.27) (layer F.Fab) (width 0.1))
    (fp_line (start 8.55 0.45) (end 4.59 0.45) (layer F.CrtYd) (width 0.05))
    (fp_line (start 8.55 -3.15) (end 8.55 0.45) (layer F.CrtYd) (width 0.05))
    (fp_line (start 3.37 -3.15) (end 8.55 -3.15) (layer F.CrtYd) (width 0.05))
    (fp_line (start -8.55 3.15) (end -3.37 3.15) (layer F.CrtYd) (width 0.05))
    (fp_line (start -8.55 -0.45) (end -8.55 3.15) (layer F.CrtYd) (width 0.05))
    (fp_line (start -4.59 -0.45) (end -8.55 -0.45) (layer F.CrtYd) (width 0.05))
    (fp_line (start -8.255 2.794) (end -3.429 2.794) (layer F.SilkS) (width 0.12))
    (fp_line (start -8.255 -0.127) (end -8.255 2.794) (layer F.SilkS) (width 0.12))
    (fp_line (start -4.445 -0.127) (end -8.255 -0.127) (layer F.SilkS) (width 0.12))
    (fp_circle (center 0 0) (end -4.3 0) (layer F.SilkS) (width 0.12))
    (fp_line (start 4.318 1.016) (end 5.334 1.016) (layer F.Fab) (width 0.1))
    (fp_line (start -5.334 -1.016) (end -4.318 -1.016) (layer F.Fab) (width 0.1))
    (fp_line (start 4.826 1.524) (end 4.826 0.508) (layer F.Fab) (width 0.1))
    (fp_circle (center 0 0) (end 4.025 0) (layer F.Fab) (width 0.1))
    (fp_arc (start 0 0) (end -4.59 -0.45) (angle 131.3332206) (layer F.CrtYd) (width 0.05))
    (fp_arc (start 0 0) (end 4.59 0.45) (angle 131.3332206) (layer F.CrtYd) (width 0.05))
    (fp_text user %R (at 0 -2.54 90) (layer F.Fab)
      (effects (font (size 1 1) (thickness 0.15)))
    )
    (pad 3 thru_hole circle (at 0 0 270) (size 6 6) (drill 5) (layers *.Cu *.Mask))
    (pad 1 smd rect (at -6.35 1.35 270) (size 3.5 2.7) (layers F.Cu F.Paste F.Mask)
      (net 6 "Net-(D5-Pad1)"))
    (pad 2 smd rect (at 6.35 -1.35 270) (size 3.5 2.7) (layers F.Cu F.Paste F.Mask)
      (net 5 "Net-(D4-Pad1)"))
    (model ${KISYS3DMOD}/LED_SMD.3dshapes/LED_1W_3W_R8.wrl
      (at (xyz 0 0 0))
      (scale (xyz 1 1 1))
      (rotate (xyz 0 0 0))
    )
  )

  (module UVOSLogic:LED_1W_3W_R8_hole (layer F.Cu) (tedit 606B0E19) (tstamp 606BF9CE)
    (at 132 77 270)
    (descr https://www.gme.cz/data/attachments/dsh.518-234.1.pdf)
    (tags "LED 1W 3W 5W")
    (path /606B0AA6)
    (attr smd)
    (fp_text reference D6 (at -5.08 -3.81 90) (layer F.SilkS)
      (effects (font (size 1 1) (thickness 0.15)))
    )
    (fp_text value LED (at 0 5.08 90) (layer F.Fab)
      (effects (font (size 1 1) (thickness 0.15)))
    )
    (fp_circle (center 0 0) (end 4.025 0) (layer F.Fab) (width 0.1))
    (fp_line (start 4.826 1.524) (end 4.826 0.508) (layer F.Fab) (width 0.1))
    (fp_line (start -5.334 -1.016) (end -4.318 -1.016) (layer F.Fab) (width 0.1))
    (fp_line (start 4.318 1.016) (end 5.334 1.016) (layer F.Fab) (width 0.1))
    (fp_circle (center 0 0) (end -4.3 0) (layer F.SilkS) (width 0.12))
    (fp_line (start -4.445 -0.127) (end -8.255 -0.127) (layer F.SilkS) (width 0.12))
    (fp_line (start -8.255 -0.127) (end -8.255 2.794) (layer F.SilkS) (width 0.12))
    (fp_line (start -8.255 2.794) (end -3.429 2.794) (layer F.SilkS) (width 0.12))
    (fp_line (start -4.59 -0.45) (end -8.55 -0.45) (layer F.CrtYd) (width 0.05))
    (fp_line (start -8.55 -0.45) (end -8.55 3.15) (layer F.CrtYd) (width 0.05))
    (fp_line (start -8.55 3.15) (end -3.37 3.15) (layer F.CrtYd) (width 0.05))
    (fp_line (start 3.37 -3.15) (end 8.55 -3.15) (layer F.CrtYd) (width 0.05))
    (fp_line (start 8.55 -3.15) (end 8.55 0.45) (layer F.CrtYd) (width 0.05))
    (fp_line (start 8.55 0.45) (end 4.59 0.45) (layer F.CrtYd) (width 0.05))
    (fp_line (start -1.27 0) (end 1.27 -1.27) (layer F.Fab) (width 0.1))
    (fp_line (start 1.27 -1.27) (end 1.27 1.27) (layer F.Fab) (width 0.1))
    (fp_line (start -1.27 0) (end 1.27 1.27) (layer F.Fab) (width 0.1))
    (fp_line (start 1.27 1.27) (end 1.27 0) (layer F.Fab) (width 0.1))
    (fp_line (start 1.27 0) (end 2.54 0) (layer F.Fab) (width 0.1))
    (fp_line (start -1.27 -1.27) (end -1.27 1.27) (layer F.Fab) (width 0.1))
    (fp_line (start -2.54 0) (end -1.27 0) (layer F.Fab) (width 0.1))
    (fp_text user %R (at 0 -2.54 90) (layer F.Fab)
      (effects (font (size 1 1) (thickness 0.15)))
    )
    (fp_arc (start 0 0) (end 4.59 0.45) (angle 131.3332206) (layer F.CrtYd) (width 0.05))
    (fp_arc (start 0 0) (end -4.59 -0.45) (angle 131.3332206) (layer F.CrtYd) (width 0.05))
    (pad 2 smd rect (at 6.35 -1.35 270) (size 3.5 2.7) (layers F.Cu F.Paste F.Mask)
      (net 6 "Net-(D5-Pad1)"))
    (pad 1 smd rect (at -6.35 1.35 270) (size 3.5 2.7) (layers F.Cu F.Paste F.Mask)
      (net 13 GND))
    (pad 3 thru_hole circle (at 0 0 270) (size 6 6) (drill 5) (layers *.Cu *.Mask))
    (model ${KISYS3DMOD}/LED_SMD.3dshapes/LED_1W_3W_R8.wrl
      (at (xyz 0 0 0))
      (scale (xyz 1 1 1))
      (rotate (xyz 0 0 0))
    )
  )

  (module UVOSLogic:LED_1W_3W_R8_hole (layer F.Cu) (tedit 606B0E19) (tstamp 606BF9EC)
    (at 149 110 270)
    (descr https://www.gme.cz/data/attachments/dsh.518-234.1.pdf)
    (tags "LED 1W 3W 5W")
    (path /606B9981)
    (attr smd)
    (fp_text reference D7 (at -5.08 -3.81 90) (layer F.SilkS)
      (effects (font (size 1 1) (thickness 0.15)))
    )
    (fp_text value LED (at 0 5.08 90) (layer F.Fab)
      (effects (font (size 1 1) (thickness 0.15)))
    )
    (fp_line (start -2.54 0) (end -1.27 0) (layer F.Fab) (width 0.1))
    (fp_line (start -1.27 -1.27) (end -1.27 1.27) (layer F.Fab) (width 0.1))
    (fp_line (start 1.27 0) (end 2.54 0) (layer F.Fab) (width 0.1))
    (fp_line (start 1.27 1.27) (end 1.27 0) (layer F.Fab) (width 0.1))
    (fp_line (start -1.27 0) (end 1.27 1.27) (layer F.Fab) (width 0.1))
    (fp_line (start 1.27 -1.27) (end 1.27 1.27) (layer F.Fab) (width 0.1))
    (fp_line (start -1.27 0) (end 1.27 -1.27) (layer F.Fab) (width 0.1))
    (fp_line (start 8.55 0.45) (end 4.59 0.45) (layer F.CrtYd) (width 0.05))
    (fp_line (start 8.55 -3.15) (end 8.55 0.45) (layer F.CrtYd) (width 0.05))
    (fp_line (start 3.37 -3.15) (end 8.55 -3.15) (layer F.CrtYd) (width 0.05))
    (fp_line (start -8.55 3.15) (end -3.37 3.15) (layer F.CrtYd) (width 0.05))
    (fp_line (start -8.55 -0.45) (end -8.55 3.15) (layer F.CrtYd) (width 0.05))
    (fp_line (start -4.59 -0.45) (end -8.55 -0.45) (layer F.CrtYd) (width 0.05))
    (fp_line (start -8.255 2.794) (end -3.429 2.794) (layer F.SilkS) (width 0.12))
    (fp_line (start -8.255 -0.127) (end -8.255 2.794) (layer F.SilkS) (width 0.12))
    (fp_line (start -4.445 -0.127) (end -8.255 -0.127) (layer F.SilkS) (width 0.12))
    (fp_circle (center 0 0) (end -4.3 0) (layer F.SilkS) (width 0.12))
    (fp_line (start 4.318 1.016) (end 5.334 1.016) (layer F.Fab) (width 0.1))
    (fp_line (start -5.334 -1.016) (end -4.318 -1.016) (layer F.Fab) (width 0.1))
    (fp_line (start 4.826 1.524) (end 4.826 0.508) (layer F.Fab) (width 0.1))
    (fp_circle (center 0 0) (end 4.025 0) (layer F.Fab) (width 0.1))
    (fp_arc (start 0 0) (end -4.59 -0.45) (angle 131.3332206) (layer F.CrtYd) (width 0.05))
    (fp_arc (start 0 0) (end 4.59 0.45) (angle 131.3332206) (layer F.CrtYd) (width 0.05))
    (fp_text user %R (at 0 -2.54 90) (layer F.Fab)
      (effects (font (size 1 1) (thickness 0.15)))
    )
    (pad 3 thru_hole circle (at 0 0 270) (size 6 6) (drill 5) (layers *.Cu *.Mask))
    (pad 1 smd rect (at -6.35 1.35 270) (size 3.5 2.7) (layers F.Cu F.Paste F.Mask)
      (net 7 "Net-(D7-Pad1)"))
    (pad 2 smd rect (at 6.35 -1.35 270) (size 3.5 2.7) (layers F.Cu F.Paste F.Mask)
      (net 8 "Net-(D7-Pad2)"))
    (model ${KISYS3DMOD}/LED_SMD.3dshapes/LED_1W_3W_R8.wrl
      (at (xyz 0 0 0))
      (scale (xyz 1 1 1))
      (rotate (xyz 0 0 0))
    )
  )

  (module UVOSLogic:LED_1W_3W_R8_hole (layer F.Cu) (tedit 606B0E19) (tstamp 606BFA0A)
    (at 153 96 270)
    (descr https://www.gme.cz/data/attachments/dsh.518-234.1.pdf)
    (tags "LED 1W 3W 5W")
    (path /606B998B)
    (attr smd)
    (fp_text reference D8 (at -5.08 -3.81 90) (layer F.SilkS)
      (effects (font (size 1 1) (thickness 0.15)))
    )
    (fp_text value LED (at 0 5.08 90) (layer F.Fab)
      (effects (font (size 1 1) (thickness 0.15)))
    )
    (fp_circle (center 0 0) (end 4.025 0) (layer F.Fab) (width 0.1))
    (fp_line (start 4.826 1.524) (end 4.826 0.508) (layer F.Fab) (width 0.1))
    (fp_line (start -5.334 -1.016) (end -4.318 -1.016) (layer F.Fab) (width 0.1))
    (fp_line (start 4.318 1.016) (end 5.334 1.016) (layer F.Fab) (width 0.1))
    (fp_circle (center 0 0) (end -4.3 0) (layer F.SilkS) (width 0.12))
    (fp_line (start -4.445 -0.127) (end -8.255 -0.127) (layer F.SilkS) (width 0.12))
    (fp_line (start -8.255 -0.127) (end -8.255 2.794) (layer F.SilkS) (width 0.12))
    (fp_line (start -8.255 2.794) (end -3.429 2.794) (layer F.SilkS) (width 0.12))
    (fp_line (start -4.59 -0.45) (end -8.55 -0.45) (layer F.CrtYd) (width 0.05))
    (fp_line (start -8.55 -0.45) (end -8.55 3.15) (layer F.CrtYd) (width 0.05))
    (fp_line (start -8.55 3.15) (end -3.37 3.15) (layer F.CrtYd) (width 0.05))
    (fp_line (start 3.37 -3.15) (end 8.55 -3.15) (layer F.CrtYd) (width 0.05))
    (fp_line (start 8.55 -3.15) (end 8.55 0.45) (layer F.CrtYd) (width 0.05))
    (fp_line (start 8.55 0.45) (end 4.59 0.45) (layer F.CrtYd) (width 0.05))
    (fp_line (start -1.27 0) (end 1.27 -1.27) (layer F.Fab) (width 0.1))
    (fp_line (start 1.27 -1.27) (end 1.27 1.27) (layer F.Fab) (width 0.1))
    (fp_line (start -1.27 0) (end 1.27 1.27) (layer F.Fab) (width 0.1))
    (fp_line (start 1.27 1.27) (end 1.27 0) (layer F.Fab) (width 0.1))
    (fp_line (start 1.27 0) (end 2.54 0) (layer F.Fab) (width 0.1))
    (fp_line (start -1.27 -1.27) (end -1.27 1.27) (layer F.Fab) (width 0.1))
    (fp_line (start -2.54 0) (end -1.27 0) (layer F.Fab) (width 0.1))
    (fp_text user %R (at 0 -2.54 90) (layer F.Fab)
      (effects (font (size 1 1) (thickness 0.15)))
    )
    (fp_arc (start 0 0) (end 4.59 0.45) (angle 131.3332206) (layer F.CrtYd) (width 0.05))
    (fp_arc (start 0 0) (end -4.59 -0.45) (angle 131.3332206) (layer F.CrtYd) (width 0.05))
    (pad 2 smd rect (at 6.35 -1.35 270) (size 3.5 2.7) (layers F.Cu F.Paste F.Mask)
      (net 7 "Net-(D7-Pad1)"))
    (pad 1 smd rect (at -6.35 1.35 270) (size 3.5 2.7) (layers F.Cu F.Paste F.Mask)
      (net 9 "Net-(D8-Pad1)"))
    (pad 3 thru_hole circle (at 0 0 270) (size 6 6) (drill 5) (layers *.Cu *.Mask))
    (model ${KISYS3DMOD}/LED_SMD.3dshapes/LED_1W_3W_R8.wrl
      (at (xyz 0 0 0))
      (scale (xyz 1 1 1))
      (rotate (xyz 0 0 0))
    )
  )

  (module UVOSLogic:LED_1W_3W_R8_hole (layer F.Cu) (tedit 606B30D2) (tstamp 606BFA28)
    (at 150 77 270)
    (descr https://www.gme.cz/data/attachments/dsh.518-234.1.pdf)
    (tags "LED 1W 3W 5W")
    (path /606B9995)
    (attr smd)
    (fp_text reference D9 (at -5.08 -3.81 90) (layer F.SilkS)
      (effects (font (size 1 1) (thickness 0.15)))
    )
    (fp_text value LED (at 0 5.08 90) (layer F.Fab)
      (effects (font (size 1 1) (thickness 0.15)))
    )
    (fp_line (start -2.54 0) (end -1.27 0) (layer F.Fab) (width 0.1))
    (fp_line (start -1.27 -1.27) (end -1.27 1.27) (layer F.Fab) (width 0.1))
    (fp_line (start 1.27 0) (end 2.54 0) (layer F.Fab) (width 0.1))
    (fp_line (start 1.27 1.27) (end 1.27 0) (layer F.Fab) (width 0.1))
    (fp_line (start -1.27 0) (end 1.27 1.27) (layer F.Fab) (width 0.1))
    (fp_line (start 1.27 -1.27) (end 1.27 1.27) (layer F.Fab) (width 0.1))
    (fp_line (start -1.27 0) (end 1.27 -1.27) (layer F.Fab) (width 0.1))
    (fp_line (start 8.55 0.45) (end 4.59 0.45) (layer F.CrtYd) (width 0.05))
    (fp_line (start 8.55 -3.15) (end 8.55 0.45) (layer F.CrtYd) (width 0.05))
    (fp_line (start 3.37 -3.15) (end 8.55 -3.15) (layer F.CrtYd) (width 0.05))
    (fp_line (start -8.55 3.15) (end -3.37 3.15) (layer F.CrtYd) (width 0.05))
    (fp_line (start -8.55 -0.45) (end -8.55 3.15) (layer F.CrtYd) (width 0.05))
    (fp_line (start -4.59 -0.45) (end -8.55 -0.45) (layer F.CrtYd) (width 0.05))
    (fp_line (start -8.255 2.794) (end -3.429 2.794) (layer F.SilkS) (width 0.12))
    (fp_line (start -8.255 -0.127) (end -8.255 2.794) (layer F.SilkS) (width 0.12))
    (fp_line (start -4.445 -0.127) (end -8.255 -0.127) (layer F.SilkS) (width 0.12))
    (fp_circle (center 0 0) (end -4.3 0) (layer F.SilkS) (width 0.12))
    (fp_line (start 4.318 1.016) (end 5.334 1.016) (layer F.Fab) (width 0.1))
    (fp_line (start -5.334 -1.016) (end -4.318 -1.016) (layer F.Fab) (width 0.1))
    (fp_line (start 4.826 1.524) (end 4.826 0.508) (layer F.Fab) (width 0.1))
    (fp_circle (center 0 0) (end 4.025 0) (layer F.Fab) (width 0.1))
    (fp_arc (start 0 0) (end -4.59 -0.45) (angle 131.3332206) (layer F.CrtYd) (width 0.05))
    (fp_arc (start 0 0) (end 4.59 0.45) (angle 131.3332206) (layer F.CrtYd) (width 0.05))
    (fp_text user %R (at 0 -2.54 90) (layer F.Fab)
      (effects (font (size 1 1) (thickness 0.15)))
    )
    (pad 3 thru_hole circle (at 0 0 270) (size 6 6) (drill 5) (layers *.Cu *.Mask))
    (pad 1 smd rect (at -6.35 1.35 270) (size 3.5 2.7) (layers F.Cu F.Paste F.Mask)
      (net 13 GND))
    (pad 2 smd rect (at 6.35 -1.35 270) (size 3.5 2.7) (layers F.Cu F.Paste F.Mask)
      (net 9 "Net-(D8-Pad1)"))
    (model ${KISYS3DMOD}/LED_SMD.3dshapes/LED_1W_3W_R8.wrl
      (at (xyz 0 0 0))
      (scale (xyz 1 1 1))
      (rotate (xyz 0 0 0))
    )
  )

  (module UVOSLogic:LED_1W_3W_R8_hole (layer F.Cu) (tedit 606B0E19) (tstamp 606BFA46)
    (at 163 116 225)
    (descr https://www.gme.cz/data/attachments/dsh.518-234.1.pdf)
    (tags "LED 1W 3W 5W")
    (path /606B9977)
    (attr smd)
    (fp_text reference D10 (at -5.08 -3.81 45) (layer F.SilkS)
      (effects (font (size 1 1) (thickness 0.15)))
    )
    (fp_text value LED (at 0 5.08 45) (layer F.Fab)
      (effects (font (size 1 1) (thickness 0.15)))
    )
    (fp_circle (center 0 0) (end 4.025 0) (layer F.Fab) (width 0.1))
    (fp_line (start 4.826 1.524) (end 4.826 0.508) (layer F.Fab) (width 0.1))
    (fp_line (start -5.334 -1.016) (end -4.318 -1.016) (layer F.Fab) (width 0.1))
    (fp_line (start 4.318 1.016) (end 5.334 1.016) (layer F.Fab) (width 0.1))
    (fp_circle (center 0 0) (end -4.3 0) (layer F.SilkS) (width 0.12))
    (fp_line (start -4.445 -0.127) (end -8.255 -0.127) (layer F.SilkS) (width 0.12))
    (fp_line (start -8.255 -0.127) (end -8.255 2.794) (layer F.SilkS) (width 0.12))
    (fp_line (start -8.255 2.794) (end -3.429 2.794) (layer F.SilkS) (width 0.12))
    (fp_line (start -4.59 -0.45) (end -8.55 -0.45) (layer F.CrtYd) (width 0.05))
    (fp_line (start -8.55 -0.45) (end -8.55 3.15) (layer F.CrtYd) (width 0.05))
    (fp_line (start -8.55 3.15) (end -3.37 3.15) (layer F.CrtYd) (width 0.05))
    (fp_line (start 3.37 -3.15) (end 8.55 -3.15) (layer F.CrtYd) (width 0.05))
    (fp_line (start 8.55 -3.15) (end 8.55 0.45) (layer F.CrtYd) (width 0.05))
    (fp_line (start 8.55 0.45) (end 4.59 0.45) (layer F.CrtYd) (width 0.05))
    (fp_line (start -1.27 0) (end 1.27 -1.27) (layer F.Fab) (width 0.1))
    (fp_line (start 1.27 -1.27) (end 1.27 1.27) (layer F.Fab) (width 0.1))
    (fp_line (start -1.27 0) (end 1.27 1.27) (layer F.Fab) (width 0.1))
    (fp_line (start 1.27 1.27) (end 1.27 0) (layer F.Fab) (width 0.1))
    (fp_line (start 1.27 0) (end 2.54 0) (layer F.Fab) (width 0.1))
    (fp_line (start -1.27 -1.27) (end -1.27 1.27) (layer F.Fab) (width 0.1))
    (fp_line (start -2.54 0) (end -1.27 0) (layer F.Fab) (width 0.1))
    (fp_text user %R (at 0 -2.54 45) (layer F.Fab)
      (effects (font (size 1 1) (thickness 0.15)))
    )
    (fp_arc (start 0 0) (end 4.59 0.45) (angle 131.3332206) (layer F.CrtYd) (width 0.05))
    (fp_arc (start 0 0) (end -4.59 -0.45) (angle 131.3332206) (layer F.CrtYd) (width 0.05))
    (pad 2 smd rect (at 6.35 -1.35 225) (size 3.5 2.7) (layers F.Cu F.Paste F.Mask)
      (net 10 "Net-(D10-Pad2)"))
    (pad 1 smd rect (at -6.35 1.35 225) (size 3.5 2.7) (layers F.Cu F.Paste F.Mask)
      (net 11 "Net-(D10-Pad1)"))
    (pad 3 thru_hole circle (at 0 0 225) (size 6 6) (drill 5) (layers *.Cu *.Mask))
    (model ${KISYS3DMOD}/LED_SMD.3dshapes/LED_1W_3W_R8.wrl
      (at (xyz 0 0 0))
      (scale (xyz 1 1 1))
      (rotate (xyz 0 0 0))
    )
  )

  (module UVOSLogic:LED_1W_3W_R8_hole (layer F.Cu) (tedit 606B0E19) (tstamp 606BFA64)
    (at 166 98 270)
    (descr https://www.gme.cz/data/attachments/dsh.518-234.1.pdf)
    (tags "LED 1W 3W 5W")
    (path /606B996D)
    (attr smd)
    (fp_text reference D11 (at -5.08 -3.81 90) (layer F.SilkS)
      (effects (font (size 1 1) (thickness 0.15)))
    )
    (fp_text value LED (at 0 5.08 90) (layer F.Fab)
      (effects (font (size 1 1) (thickness 0.15)))
    )
    (fp_line (start -2.54 0) (end -1.27 0) (layer F.Fab) (width 0.1))
    (fp_line (start -1.27 -1.27) (end -1.27 1.27) (layer F.Fab) (width 0.1))
    (fp_line (start 1.27 0) (end 2.54 0) (layer F.Fab) (width 0.1))
    (fp_line (start 1.27 1.27) (end 1.27 0) (layer F.Fab) (width 0.1))
    (fp_line (start -1.27 0) (end 1.27 1.27) (layer F.Fab) (width 0.1))
    (fp_line (start 1.27 -1.27) (end 1.27 1.27) (layer F.Fab) (width 0.1))
    (fp_line (start -1.27 0) (end 1.27 -1.27) (layer F.Fab) (width 0.1))
    (fp_line (start 8.55 0.45) (end 4.59 0.45) (layer F.CrtYd) (width 0.05))
    (fp_line (start 8.55 -3.15) (end 8.55 0.45) (layer F.CrtYd) (width 0.05))
    (fp_line (start 3.37 -3.15) (end 8.55 -3.15) (layer F.CrtYd) (width 0.05))
    (fp_line (start -8.55 3.15) (end -3.37 3.15) (layer F.CrtYd) (width 0.05))
    (fp_line (start -8.55 -0.45) (end -8.55 3.15) (layer F.CrtYd) (width 0.05))
    (fp_line (start -4.59 -0.45) (end -8.55 -0.45) (layer F.CrtYd) (width 0.05))
    (fp_line (start -8.255 2.794) (end -3.429 2.794) (layer F.SilkS) (width 0.12))
    (fp_line (start -8.255 -0.127) (end -8.255 2.794) (layer F.SilkS) (width 0.12))
    (fp_line (start -4.445 -0.127) (end -8.255 -0.127) (layer F.SilkS) (width 0.12))
    (fp_circle (center 0 0) (end -4.3 0) (layer F.SilkS) (width 0.12))
    (fp_line (start 4.318 1.016) (end 5.334 1.016) (layer F.Fab) (width 0.1))
    (fp_line (start -5.334 -1.016) (end -4.318 -1.016) (layer F.Fab) (width 0.1))
    (fp_line (start 4.826 1.524) (end 4.826 0.508) (layer F.Fab) (width 0.1))
    (fp_circle (center 0 0) (end 4.025 0) (layer F.Fab) (width 0.1))
    (fp_arc (start 0 0) (end -4.59 -0.45) (angle 131.3332206) (layer F.CrtYd) (width 0.05))
    (fp_arc (start 0 0) (end 4.59 0.45) (angle 131.3332206) (layer F.CrtYd) (width 0.05))
    (fp_text user %R (at 0 -2.54 90) (layer F.Fab)
      (effects (font (size 1 1) (thickness 0.15)))
    )
    (pad 3 thru_hole circle (at 0 0 270) (size 6 6) (drill 5) (layers *.Cu *.Mask))
    (pad 1 smd rect (at -6.35 1.35 270) (size 3.5 2.7) (layers F.Cu F.Paste F.Mask)
      (net 12 "Net-(D11-Pad1)"))
    (pad 2 smd rect (at 6.35 -1.35 270) (size 3.5 2.7) (layers F.Cu F.Paste F.Mask)
      (net 11 "Net-(D10-Pad1)"))
    (model ${KISYS3DMOD}/LED_SMD.3dshapes/LED_1W_3W_R8.wrl
      (at (xyz 0 0 0))
      (scale (xyz 1 1 1))
      (rotate (xyz 0 0 0))
    )
  )

  (module UVOSLogic:LED_1W_3W_R8_hole (layer F.Cu) (tedit 606B0E19) (tstamp 606BFA82)
    (at 162 84 315)
    (descr https://www.gme.cz/data/attachments/dsh.518-234.1.pdf)
    (tags "LED 1W 3W 5W")
    (path /606B98BF)
    (attr smd)
    (fp_text reference D12 (at -5.08 -3.81 135) (layer F.SilkS)
      (effects (font (size 1 1) (thickness 0.15)))
    )
    (fp_text value LED (at 0 5.08 135) (layer F.Fab)
      (effects (font (size 1 1) (thickness 0.15)))
    )
    (fp_circle (center 0 0) (end 4.025 0) (layer F.Fab) (width 0.1))
    (fp_line (start 4.826 1.524) (end 4.826 0.508) (layer F.Fab) (width 0.1))
    (fp_line (start -5.334 -1.016) (end -4.318 -1.016) (layer F.Fab) (width 0.1))
    (fp_line (start 4.318 1.016) (end 5.334 1.016) (layer F.Fab) (width 0.1))
    (fp_circle (center 0 0) (end -4.3 0) (layer F.SilkS) (width 0.12))
    (fp_line (start -4.445 -0.127) (end -8.255 -0.127) (layer F.SilkS) (width 0.12))
    (fp_line (start -8.255 -0.127) (end -8.255 2.794) (layer F.SilkS) (width 0.12))
    (fp_line (start -8.255 2.794) (end -3.429 2.794) (layer F.SilkS) (width 0.12))
    (fp_line (start -4.59 -0.45) (end -8.55 -0.45) (layer F.CrtYd) (width 0.05))
    (fp_line (start -8.55 -0.45) (end -8.55 3.15) (layer F.CrtYd) (width 0.05))
    (fp_line (start -8.55 3.15) (end -3.37 3.15) (layer F.CrtYd) (width 0.05))
    (fp_line (start 3.37 -3.15) (end 8.55 -3.15) (layer F.CrtYd) (width 0.05))
    (fp_line (start 8.55 -3.15) (end 8.55 0.45) (layer F.CrtYd) (width 0.05))
    (fp_line (start 8.55 0.45) (end 4.59 0.45) (layer F.CrtYd) (width 0.05))
    (fp_line (start -1.27 0) (end 1.27 -1.27) (layer F.Fab) (width 0.1))
    (fp_line (start 1.27 -1.27) (end 1.27 1.27) (layer F.Fab) (width 0.1))
    (fp_line (start -1.27 0) (end 1.27 1.27) (layer F.Fab) (width 0.1))
    (fp_line (start 1.27 1.27) (end 1.27 0) (layer F.Fab) (width 0.1))
    (fp_line (start 1.27 0) (end 2.54 0) (layer F.Fab) (width 0.1))
    (fp_line (start -1.27 -1.27) (end -1.27 1.27) (layer F.Fab) (width 0.1))
    (fp_line (start -2.54 0) (end -1.27 0) (layer F.Fab) (width 0.1))
    (fp_text user %R (at 0 -2.54 135) (layer F.Fab)
      (effects (font (size 1 1) (thickness 0.15)))
    )
    (fp_arc (start 0 0) (end 4.59 0.45) (angle 131.3332206) (layer F.CrtYd) (width 0.05))
    (fp_arc (start 0 0) (end -4.59 -0.45) (angle 131.3332206) (layer F.CrtYd) (width 0.05))
    (pad 2 smd rect (at 6.35 -1.35 315) (size 3.5 2.7) (layers F.Cu F.Paste F.Mask)
      (net 12 "Net-(D11-Pad1)"))
    (pad 1 smd rect (at -6.35 1.35 315) (size 3.5 2.7) (layers F.Cu F.Paste F.Mask)
      (net 13 GND))
    (pad 3 thru_hole circle (at 0 0 315) (size 6 6) (drill 5) (layers *.Cu *.Mask))
    (model ${KISYS3DMOD}/LED_SMD.3dshapes/LED_1W_3W_R8.wrl
      (at (xyz 0 0 0))
      (scale (xyz 1 1 1))
      (rotate (xyz 0 0 0))
    )
  )

  (module UVOSLogic:WireSolderingPad5 (layer F.Cu) (tedit 606B2480) (tstamp 606BFFE4)
    (at 140 126 180)
    (path /606FCE87)
    (fp_text reference J1 (at 0 6) (layer F.SilkS)
      (effects (font (size 1 1) (thickness 0.15)))
    )
    (fp_text value Conn_01x05_Male (at 0 -4) (layer F.Fab)
      (effects (font (size 1 1) (thickness 0.15)))
    )
    (fp_line (start -15 5) (end -15 -5) (layer F.CrtYd) (width 0.12))
    (fp_line (start -15 -5) (end 15 -5) (layer F.CrtYd) (width 0.12))
    (fp_line (start 15 -5) (end 15 5) (layer F.CrtYd) (width 0.12))
    (fp_line (start 15 5) (end -15 5) (layer F.CrtYd) (width 0.12))
